1111111110000111111111111111
1111111110000111111111111111
1111111110000111111111111111
1111111110000111111111111111
1111111110000111111111111111
1111111110000111111111111111
1111111110000111111111111111
11111111100001111111111111111111111110000111111111111111
1111111110000111111111111111
1111111110000111111111111111
1111111110000111111111111111

1111111110000111111111111111
1111111110000111111111111111
1111111110000111111111111111
1111111110000111111111111111
1111111110000111111111111111
1111111110000111111111111111
1111111110000111111111111111
1111111110000111111111111111
1111111110000111111111111111

1111111110000111111111111111
1111111110000111111111111111
1111111110000111111111111111
1111111110000111111111111111